forcing_file=BMI
soil_params.depth=2.0
soil_params.b=8.16601
soil_params.mult=1000.0
soil_params.satdk=0.0
soil_params.satpsi=0.49127
soil_params.slop=0.26601
soil_params.smcmax=0.43229
soil_params.wltsmc=0.07207
max_gw_storage=16.0
Cgw=0.01
expon=6.0
gw_storage=50%
alpha_fc=0.33
soil_storage=66.7%
K_nash=0.03
nash_storage=0.0,0.0
giuh_ordinates=0.18,0.20,0.17,0.12,0.09,0.04,0.04,0.03,0.00,0.00,0.03,0.04,0.04,0.02
