forcing_file=BMI
soil_params.depth=2.0
soil_params.b=6.47092
soil_params.mult=1000.0
soil_params.satdk=1e-05
soil_params.satpsi=0.39265
soil_params.slop=0.01528
soil_params.smcmax=0.43926
soil_params.wltsmc=0.06768
max_gw_storage=116.188
Cgw=0.005
expon=6.544
gw_storage=50%
alpha_fc=0.33
soil_storage=66.7%
K_nash=0.03
nash_storage=0.0,0.0
giuh_ordinates=0.08,0.09,0.12,0.13,0.14,0.12,0.10,0.09,0.06,0.06
