forcing_file=BMI
soil_params.depth=2.0
soil_params.b=8.18104
soil_params.mult=1000.0
soil_params.satdk=0.0
soil_params.satpsi=0.43654
soil_params.slop=0.27407
soil_params.smcmax=0.42647
soil_params.wltsmc=0.06963
max_gw_storage=16.0
Cgw=0.01
expon=6.0
gw_storage=50%
alpha_fc=0.33
soil_storage=66.7%
K_nash=0.03
nash_storage=0.0,0.0
giuh_ordinates=0.20,0.18,0.12,0.06,0.05,0.04,0.02,0.04,0.03,0.02,0.04,0.05,0.06,0.08
