forcing_file=BMI
soil_params.depth=2.0
soil_params.b=8.25377
soil_params.mult=1000.0
soil_params.satdk=0.0
soil_params.satpsi=0.68271
soil_params.slop=0.27
soil_params.smcmax=0.44884
soil_params.wltsmc=0.0806
max_gw_storage=21.819
Cgw=0.005
expon=7.793
gw_storage=50%
alpha_fc=0.33
soil_storage=66.7%
K_nash=0.03
nash_storage=0.0,0.0
giuh_ordinates=0.29,0.22,0.19,0.16,0.09,0.03,0.01,0.00,0.00,0.00,0.00,0.00,0.01
