forcing_file=BMI
soil_params.depth=2.0
soil_params.b=8.74199
soil_params.mult=1000.0
soil_params.satdk=0.0
soil_params.satpsi=0.39265
soil_params.slop=0.26641
soil_params.smcmax=0.44433
soil_params.wltsmc=0.06768
max_gw_storage=11.243
Cgw=0.005
expon=7.744
gw_storage=50%
alpha_fc=0.33
soil_storage=66.7%
K_nash=0.03
nash_storage=0.0,0.0
giuh_ordinates=0.15,0.18,0.18,0.16,0.15,0.07,0.04,0.01,0.02,0.05
