forcing_file=BMI
soil_params.depth=2.0
soil_params.b=8.06783
soil_params.mult=1000.0
soil_params.satdk=0.0
soil_params.satpsi=0.41104
soil_params.slop=0.26847
soil_params.smcmax=0.42794
soil_params.wltsmc=0.06643
max_gw_storage=21.819
Cgw=0.005
expon=7.793
gw_storage=50%
alpha_fc=0.33
soil_storage=66.7%
K_nash=0.03
nash_storage=0.0,0.0
giuh_ordinates=0.14,0.12,0.13,0.19,0.14,0.13,0.01,0.01,0.01,0.01,0.01,0.01,0.03,0.06
