forcing_file=BMI
soil_params.depth=2.0
soil_params.b=11.26931
soil_params.mult=1000.0
soil_params.satdk=1e-05
soil_params.satpsi=0.41406
soil_params.slop=0.02572
soil_params.smcmax=0.43428
soil_params.wltsmc=0.111
max_gw_storage=57.213
Cgw=0.005
expon=4.294
gw_storage=50%
alpha_fc=0.33
soil_storage=66.7%
K_nash=0.03
nash_storage=0.0,0.0
giuh_ordinates=0.05,0.06,0.07,0.08,0.08,0.08,0.09,0.08,0.09,0.08,0.08,0.07,0.05,0.03
