forcing_file=BMI
soil_params.depth=2.0
soil_params.b=6.01359
soil_params.mult=1000.0
soil_params.satdk=3e-05
soil_params.satpsi=0.39233
soil_params.slop=0.02642
soil_params.smcmax=0.60702
soil_params.wltsmc=0.05331
max_gw_storage=61.284
Cgw=0.005
expon=4.074
gw_storage=50%
alpha_fc=0.33
soil_storage=66.7%
K_nash=0.03
nash_storage=0.0,0.0
giuh_ordinates=0.07,0.06,0.06,0.08,0.11,0.05,0.04,0.06,0.06,0.08,0.11,0.09,0.07,0.04
