forcing_file=BMI
soil_params.depth=2.0
soil_params.b=8.21455
soil_params.mult=1000.0
soil_params.satdk=0.0
soil_params.satpsi=0.34867
soil_params.slop=0.25371
soil_params.smcmax=0.42096
soil_params.wltsmc=0.06462
max_gw_storage=21.819
Cgw=0.005
expon=7.793
gw_storage=50%
alpha_fc=0.33
soil_storage=66.7%
K_nash=0.03
nash_storage=0.0,0.0
giuh_ordinates=0.05,0.01,0.01,0.01,0.02,0.02,0.09,0.14,0.19,0.21,0.14,0.08,0.03,0.00
