forcing_file=BMI
soil_params.depth=2.0
soil_params.b=8.49949
soil_params.mult=1000.0
soil_params.satdk=0.0
soil_params.satpsi=0.35212
soil_params.slop=0.27644
soil_params.smcmax=0.43455
soil_params.wltsmc=0.06574
max_gw_storage=21.819
Cgw=0.005
expon=7.793
gw_storage=50%
alpha_fc=0.33
soil_storage=66.7%
K_nash=0.03
nash_storage=0.0,0.0
giuh_ordinates=0.07,0.07,0.07,0.07,0.09,0.09,0.09,0.08,0.07,0.06,0.06,0.05,0.06,0.06
