forcing_file=BMI
soil_params.depth=2.0
soil_params.b=8.79092
soil_params.mult=1000.0
soil_params.satdk=0.0
soil_params.satpsi=0.40115
soil_params.slop=0.28298
soil_params.smcmax=0.44315
soil_params.wltsmc=0.06806
max_gw_storage=16.0
Cgw=0.01
expon=6.0
gw_storage=50%
alpha_fc=0.33
soil_storage=66.7%
K_nash=0.03
nash_storage=0.0,0.0
giuh_ordinates=0.18,0.15,0.13,0.09,0.10,0.09,0.09,0.09,0.05,0.02,0.00,0.00,0.00,0.00
