forcing_file=BMI
soil_params.depth=2.0
soil_params.b=6.48516
soil_params.mult=1000.0
soil_params.satdk=1e-05
soil_params.satpsi=0.36942
soil_params.slop=0.01835
soil_params.smcmax=0.43726
soil_params.wltsmc=0.06664
max_gw_storage=116.188
Cgw=0.005
expon=6.544
gw_storage=50%
alpha_fc=0.33
soil_storage=66.7%
K_nash=0.03
nash_storage=0.0,0.0
giuh_ordinates=0.04,0.05,0.05,0.05,0.05,0.06,0.06,0.07,0.09,0.10,0.10,0.10,0.09,0.08
