forcing_file=BMI
soil_params.depth=2.0
soil_params.b=13.42346
soil_params.mult=1000.0
soil_params.satdk=2e-05
soil_params.satpsi=0.41312
soil_params.slop=0.01261
soil_params.smcmax=0.48767
soil_params.wltsmc=0.10594
max_gw_storage=61.284
Cgw=0.005
expon=4.074
gw_storage=50%
alpha_fc=0.33
soil_storage=66.7%
K_nash=0.03
nash_storage=0.0,0.0
giuh_ordinates=0.06,0.07,0.06,0.07,0.07,0.09,0.11,0.10,0.09,0.09,0.07,0.05,0.03,0.03
