forcing_file=BMI
soil_params.depth=2.0
soil_params.b=7.84529
soil_params.mult=1000.0
soil_params.satdk=0.0
soil_params.satpsi=0.32254
soil_params.slop=0.26114
soil_params.smcmax=0.42226
soil_params.wltsmc=0.06312
max_gw_storage=16.0
Cgw=0.01
expon=6.0
gw_storage=50%
alpha_fc=0.33
soil_storage=66.7%
K_nash=0.03
nash_storage=0.0,0.0
giuh_ordinates=0.01,0.00,0.00,0.00,0.00,0.00,0.00,0.00,0.00,0.00,0.01,0.18,0.37,0.43
